55
Lattice="20.0 0.0 0.0 0.0 20.0 0.0 0.0 0.0 20.0" Properties=species:S:1:pos:R:3 pbc="T T T"
Pt       8.11399460       6.12565899       8.11391640
Pt       8.11398888       6.12567186      11.88613796
Pt       8.10466003       9.99992752       8.10455418
Pt       8.10431862       9.99996757      11.89589977
Pt       8.11384773      13.87459373       8.11376286
Pt       8.11382580      13.87431240      11.88605118
Pt      11.88609028       6.12549973       8.11391735
Pt      11.88608074       6.12561989      11.88608742
Pt      11.89558983       9.99999809       8.10418796
Pt      11.89533329       9.99996281      11.89567471
Pt      11.88615799      13.87444592       8.11378288
Pt      11.88608360      13.87409115      11.88605499
Pt       8.11381817       8.11373806       6.12569761
Pt       8.10458088       8.10447788      10.00004673
Pt       8.11363888       8.11381531      13.87449169
Pt       8.11395645      11.88635063       6.12552214
Pt       8.10437965      11.89577103      10.00011444
Pt       8.11380863      11.88604355      13.87454605
Pt      11.88647652       8.11374283       6.12545872
Pt      11.89533424       8.10441589      10.00002003
Pt      11.88603878       8.11382484      13.87421417
Pt      11.88633156      11.88633060       6.12527275
Pt      11.89552498      11.89574242       9.99995232
Pt      11.88598156      11.88601589      13.87415123
Pt       6.24504519       6.24505138      10.00007439
Pt       6.24474478       9.99985504       6.24509096
Pt       5.94516373       9.99990845      10.00014400
Pt       6.24460220       9.99997234      13.75533676
Pt       6.24460888      13.75517464      10.00014687
Pt       9.99995327       6.24456692       6.24490213
Pt       9.99991226       5.94490576      10.00002670
Pt       9.99997902       6.24486971      13.75499725
Pt      10.00006580       9.99996185       5.94427109
Pt       9.99986744       9.99962997      10.00044251
Pt       9.99990177       9.99990082      14.05539990
Pt      10.00002956      13.75557709       6.24455976
Pt      10.00003338      14.05525970       9.99997520
Pt      10.00015354      13.75494099      13.75498581
Pt      13.75522041       6.24485779      10.00016117
Pt      13.75584412      10.00003910       6.24465418
Pt      14.05484200      10.00002766       9.99997711
Pt      13.75491524       9.99999523      13.75465012
Pt      13.75522137      13.75490284      10.00019455
Pt       6.12587833       8.11397743       8.11401177
Pt       6.12573671       8.11396694      11.88631248
Pt       6.12567329      11.88608646       8.11409569
Pt       6.12562704      11.88608170      11.88626099
Pt       9.99987507       8.10454655       8.10455799
Pt       9.99990273       8.10446644      11.89569282
Pt       9.99999142      11.89580440       8.10425186
Pt       9.99991036      11.89570332      11.89578915
Pt      13.87466812       8.11394596       8.11380291
Pt      13.87416649       8.11394024      11.88598728
Pt      13.87454796      11.88608646       8.11383343
Pt      13.87408066      11.88597488      11.88590145
